Coin;1;0;0
Coin;2;10;0
Coin;3;10;10
Coin;4;0;10
Mur;1;1;2;1;1;1
Mur;2;2;3;1;1;1
Mur;3;3;4;1;1;1
Mur;4;4;1;1;1;1
Sol;1;1;2;3;4;1
Plafond;1;1;2;3;4;1
Piece;1;1;1;1;2;3;4
Coin;5;20;0
Coin;6;40;0
Coin;7;40;20
Coin;8;20;20
Mur;5;5;6;1;1;1
Mur;6;6;7;1;1;1
Mur;7;7;8;1;1;1
Mur;8;8;5;1;1;1
Sol;2;5;6;7;8;1
Plafond;2;5;6;7;8;1
Piece;2;2;2;5;6;7;8
Coin;9;20;0
Coin;10;40;0
Coin;11;40;20
Coin;12;20;20
Mur;9;9;10;1;1;1
Mur;10;10;11;1;1;1
Mur;11;11;12;1;1;1
Mur;12;12;9;1;1;1
Sol;3;9;10;11;12;1
Plafond;3;9;10;11;12;1
Piece;3;3;3;9;10;11;12
Coin;13;20;0
Coin;14;40;0
Coin;15;40;20
Coin;16;20;20
Mur;13;13;14;1;1;1
Mur;14;14;15;1;1;1
Mur;15;15;16;1;1;1
Mur;16;16;13;1;1;1
Sol;4;13;14;15;16;1
Plafond;4;13;14;15;16;1
Piece;4;4;4;13;14;15;16
Appartement;1;1;1;2;3
Appartement;2;2;4
Niveau;1;4;1
Niveau;2;3;2
Batiment;1;1;2
Voici la continuation du texte pour le deuxième bâtiment :

```
Batiment;2;3
Niveau;3;3.2;3
Appartement;3;3;5
Coin;17;0;0
Coin;18;8;0
Coin;19;8;6
Coin;20;0;6
Mur;17;17;18;1;1;1
Mur;18;18;19;1;1;1
Mur;19;19;20;1;1;1
Mur;20;20;17;1;1;1
Sol;5;17;18;19;20;1
Plafond;5;17;18;19;20;1
Piece;5;5;5;17;18;19;20
Coin;21;9;0
Coin;22;17;0
Coin;23;17;5
Coin;24;9;5
Mur;21;21;22;1;1;1
Mur;22;22;23;1;1;1
Mur;23;23;24;1;1;1
Mur;24;24;21;1;1;1
Sol;6;21;22;23;24;1
Plafond;6;21;22;23;24;1
Piece;6;5;6;21;22;23;24
Coin;25;18;0
Coin;26;26;0
Coin;27;26;4
Coin;28;18;4
Mur;25;25;26;1;1;1
Mur;26;26;27;1;1;1
Mur;27;27;28;1;1;1
Mur;28;28;25;1;1;1
Sol;7;25;26;27;28;1
Plafond;7;25;26;27;28;1
Piece;7;5;7;25;26;27;28

